1.5151627092467898e+01	inf
1.4801140956673883e+01	1.0000000000000001e-05
1.4801136483031499e+01	5.0000000000000004e-06
1.4801136483031499e+01	3.3333333333333337e-06
1.4801136483031499e+01	2.5000000000000002e-06
1.4801136483031499e+01	2.0000000000000003e-06
1.4801136483031499e+01	1.6666666666666669e-06
1.4801136483031499e+01	1.4285714285714286e-06
1.4801136483031499e+01	1.2500000000000001e-06
1.4801136483031499e+01	1.1111111111111112e-06
1.4801136002753756e+01	1.0000000000000002e-06
1.4801136002753756e+01	9.0909090909090915e-07
1.4801136002753756e+01	8.3333333333333344e-07
1.4801136002753756e+01	7.6923076923076925e-07
1.4801136002753756e+01	7.1428571428571431e-07
1.4801136002753756e+01	6.6666666666666671e-07
1.4801136002753756e+01	6.2500000000000005e-07
1.4801136002753756e+01	5.8823529411764711e-07
1.4801136002753756e+01	5.5555555555555562e-07
1.4801136002753756e+01	5.2631578947368426e-07
1.4801136002753756e+01	5.0000000000000008e-07
1.4801136002753756e+01	4.7619047619047623e-07
1.4801136002753756e+01	4.5454545454545457e-07
1.4801136002753756e+01	4.3478260869565219e-07
1.4801136002753756e+01	4.1666666666666672e-07
1.4801136002753756e+01	4.0000000000000003e-07
1.4801136002753756e+01	3.8461538461538463e-07
1.4801136002753756e+01	3.7037037037037042e-07
1.4801136002753756e+01	3.5714285714285716e-07
1.4801136002753756e+01	3.4482758620689656e-07
1.4801136002753756e+01	3.3333333333333335e-07
1.4801136002753756e+01	3.2258064516129035e-07
1.4801136002753756e+01	3.1250000000000003e-07
1.4801136002753756e+01	3.0303030303030305e-07
1.4801136002753756e+01	2.9411764705882356e-07
1.4801136002753756e+01	2.8571428571428575e-07
1.4801136002753756e+01	2.7777777777777781e-07
1.4801136002753756e+01	2.7027027027027029e-07
1.4801136002753756e+01	2.6315789473684213e-07
1.4801136002753756e+01	2.5641025641025642e-07
1.4801136002753756e+01	2.5000000000000004e-07
1.4801136002753756e+01	2.4390243902439027e-07
1.4801136002753756e+01	2.3809523809523811e-07
1.4801136002753756e+01	2.3255813953488374e-07
1.4801136002753756e+01	2.2727272727272729e-07
1.4801136002753756e+01	2.2222222222222224e-07
1.4801136002753756e+01	2.1739130434782609e-07
1.4801136002753756e+01	2.1276595744680852e-07
1.4801136002753756e+01	2.0833333333333336e-07
1.4801136002753756e+01	2.0408163265306124e-07
1.4801136002753756e+01	2.0000000000000002e-07
1.4801136002753756e+01	1.9607843137254904e-07
1.4801136002753756e+01	1.9230769230769231e-07
1.4801136002753756e+01	1.8867924528301889e-07
1.4801136002753756e+01	1.8518518518518521e-07
1.4801136002753756e+01	1.8181818181818183e-07
1.4801136002753756e+01	1.7857142857142858e-07
1.4801136002753756e+01	1.7543859649122808e-07
1.4801136002753756e+01	1.7241379310344828e-07
1.4801136002753756e+01	1.6949152542372883e-07
1.4801136002753756e+01	1.6666666666666668e-07
1.4801136002753756e+01	1.6393442622950821e-07
1.4801136002753756e+01	1.6129032258064518e-07
1.4801136002753756e+01	1.5873015873015874e-07
1.4801136002753756e+01	1.5625000000000001e-07
1.4801136002753756e+01	1.5384615384615387e-07
1.4801136002753756e+01	1.5151515151515152e-07
1.4801136002753756e+01	1.4925373134328360e-07
1.4801136002753756e+01	1.4705882352941178e-07
1.4801136002753756e+01	1.4492753623188408e-07
1.4801136002753756e+01	1.4285714285714287e-07
1.4801136002753756e+01	1.4084507042253522e-07
1.4801136002753756e+01	1.3888888888888891e-07
1.4801136002753756e+01	1.3698630136986304e-07
1.4801136002753756e+01	1.3513513513513515e-07
1.4801136002753756e+01	1.3333333333333334e-07
1.4801136002753756e+01	1.3157894736842107e-07
1.4801136002753756e+01	1.2987012987012987e-07
1.4801136002753756e+01	1.2820512820512821e-07
1.4801136002753756e+01	1.2658227848101266e-07
1.4801136002753756e+01	1.2500000000000002e-07
1.4801136002753756e+01	1.2345679012345680e-07
1.4801136002753756e+01	1.2195121951219514e-07
1.4801136002753756e+01	1.2048192771084340e-07
1.4801136002753756e+01	1.1904761904761906e-07
1.4801136002753756e+01	1.1764705882352942e-07
1.4801136002753756e+01	1.1627906976744187e-07
1.4801136002753756e+01	1.1494252873563219e-07
1.4801136002753756e+01	1.1363636363636364e-07
1.4801135951192480e+01	1.1235955056179776e-07
1.4801135951192480e+01	1.1111111111111112e-07
1.4801135951192480e+01	1.0989010989010990e-07
1.4801135951192480e+01	1.0869565217391305e-07
1.4801135951192480e+01	1.0752688172043012e-07
1.4801135951192480e+01	1.0638297872340426e-07
1.4801135951192480e+01	1.0526315789473685e-07
1.4801135951192480e+01	1.0416666666666668e-07
1.4801135951192480e+01	1.0309278350515465e-07
1.4801135951192480e+01	1.0204081632653062e-07
1.4801135951192480e+01	1.0101010101010101e-07
1.4801135951192480e+01	1.0000000000000001e-07
1.4801135951192480e+01	9.9009900990099015e-08
1.4801135951192480e+01	9.8039215686274519e-08
1.4801135951192480e+01	9.7087378640776701e-08
1.4801135951192480e+01	9.6153846153846157e-08
1.4801135951192480e+01	9.5238095238095240e-08
1.4801135951192480e+01	9.4339622641509444e-08
1.4801135951192480e+01	9.3457943925233657e-08
1.4801135951192480e+01	9.2592592592592604e-08
1.4801135951192480e+01	9.1743119266055058e-08
1.4801135951192480e+01	9.0909090909090915e-08
1.4801135951192480e+01	9.0090090090090097e-08
1.4801135951192480e+01	8.9285714285714289e-08
1.4801135951192480e+01	8.8495575221238951e-08
1.4801135951192480e+01	8.7719298245614040e-08
1.4801135951192480e+01	8.6956521739130438e-08
1.4801135951192480e+01	8.6206896551724140e-08
1.4801135951192480e+01	8.5470085470085473e-08
1.4801135951192480e+01	8.4745762711864416e-08
1.4801135951192480e+01	8.4033613445378165e-08
1.4801135951192480e+01	8.3333333333333338e-08
1.4801135951192480e+01	8.2644628099173566e-08
1.4801135951192480e+01	8.1967213114754105e-08
1.4801135951192480e+01	8.1300813008130091e-08
1.4801135951192480e+01	8.0645161290322588e-08
1.4801135951192480e+01	8.0000000000000002e-08
1.4801135951192480e+01	7.9365079365079371e-08
1.4801135951192480e+01	7.8740157480314972e-08
1.4801135951192480e+01	7.8125000000000006e-08
1.4801135951192480e+01	7.7519379844961243e-08
1.4801135951192480e+01	7.6923076923076936e-08
1.4801135951192480e+01	7.6335877862595424e-08
1.4801135951192480e+01	7.5757575757575762e-08
1.4801135951192480e+01	7.5187969924812030e-08
1.4801135951192480e+01	7.4626865671641802e-08
1.4801135951192480e+01	7.4074074074074086e-08
1.4801135951192480e+01	7.3529411764705889e-08
1.4801135951192480e+01	7.2992700729927010e-08
1.4801135951192480e+01	7.2463768115942040e-08
1.4801135951192480e+01	7.1942446043165474e-08
1.4801135951192480e+01	7.1428571428571437e-08
1.4801135951192480e+01	7.0921985815602840e-08
1.4801135951192480e+01	7.0422535211267608e-08
1.4801135951192480e+01	6.9930069930069933e-08
1.4801135951192480e+01	6.9444444444444453e-08
1.4801135951192480e+01	6.8965517241379315e-08
1.4801135951192480e+01	6.8493150684931519e-08
1.4801135951192480e+01	6.8027210884353747e-08
1.4801135951192480e+01	6.7567567567567573e-08
1.4801135951192480e+01	6.7114093959731549e-08
1.4801135951192480e+01	6.6666666666666668e-08
1.4801135951192480e+01	6.6225165562913919e-08
1.4801135951192480e+01	6.5789473684210533e-08
1.4801135951192480e+01	6.5359477124183017e-08
1.4801135951192480e+01	6.4935064935064935e-08
1.4801135951192480e+01	6.4516129032258070e-08
1.4801135951192480e+01	6.4102564102564104e-08
1.4801135951192480e+01	6.3694267515923576e-08
1.4801135951192480e+01	6.3291139240506332e-08
1.4801135951192480e+01	6.2893081761006291e-08
1.4801135951192480e+01	6.2500000000000010e-08
1.4801135951192480e+01	6.2111801242236031e-08
1.4801135951192480e+01	6.1728395061728398e-08
1.4801135951192480e+01	6.1349693251533741e-08
1.4801135951192480e+01	6.0975609756097569e-08
1.4801135951192480e+01	6.0606060606060610e-08
1.4801135951192480e+01	6.0240963855421698e-08
1.4801135951192480e+01	5.9880239520958083e-08
1.4801135951192480e+01	5.9523809523809528e-08
1.4801135951192480e+01	5.9171597633136100e-08
1.4801135951192480e+01	5.8823529411764709e-08
1.4801135951192480e+01	5.8479532163742693e-08
1.4801135951192480e+01	5.8139534883720935e-08
1.4801135951192480e+01	5.7803468208092492e-08
1.4801135951192480e+01	5.7471264367816094e-08
1.4801135951192480e+01	5.7142857142857151e-08
1.4801135951192480e+01	5.6818181818181822e-08
1.4801135951192480e+01	5.6497175141242942e-08
1.4801135951192480e+01	5.6179775280898878e-08
1.4801135951192480e+01	5.5865921787709503e-08
1.4801135951192480e+01	5.5555555555555561e-08
1.4801135951192480e+01	5.5248618784530391e-08
1.4801135951192480e+01	5.4945054945054952e-08
1.4801135951192480e+01	5.4644808743169406e-08
1.4801135951192480e+01	5.4347826086956524e-08
1.4801135951192480e+01	5.4054054054054056e-08
1.4801135951192480e+01	5.3763440860215061e-08
1.4801135951192480e+01	5.3475935828877012e-08
1.4801135951192480e+01	5.3191489361702130e-08
1.4801135951192480e+01	5.2910052910052912e-08
1.4801135951192480e+01	5.2631578947368423e-08
1.4801135951192480e+01	5.2356020942408383e-08
1.4801135951192480e+01	5.2083333333333340e-08
1.4801135951192480e+01	5.1813471502590675e-08
1.4801135951192480e+01	5.1546391752577325e-08
1.4801135951192480e+01	5.1282051282051286e-08
1.4801135951192480e+01	5.1020408163265310e-08
1.4801135951192480e+01	5.0761421319796957e-08
1.4801135951192480e+01	5.0505050505050506e-08
1.4801135951192480e+01	5.0251256281407036e-08
1.4801135951192480e+01	5.0000000000000004e-08
1.4801135951192480e+01	4.9751243781094531e-08
1.4801135951192480e+01	4.9504950495049507e-08
1.4801135951192480e+01	4.9261083743842368e-08
1.4801135951192480e+01	4.9019607843137259e-08
1.4801135951192480e+01	4.8780487804878054e-08
1.4801135951192480e+01	4.8543689320388351e-08
1.4801135951192480e+01	4.8309178743961356e-08
1.4801135951192480e+01	4.8076923076923078e-08
1.4801135951192480e+01	4.7846889952153117e-08
1.4801135951192480e+01	4.7619047619047620e-08
1.4801135951192480e+01	4.7393364928909954e-08
1.4801135951192480e+01	4.7169811320754722e-08
1.4801135951192480e+01	4.6948356807511739e-08
1.4801135951192480e+01	4.6728971962616828e-08
1.4801135951192480e+01	4.6511627906976751e-08
1.4801135951192480e+01	4.6296296296296302e-08
1.4801135951192480e+01	4.6082949308755762e-08
1.4801135951192480e+01	4.5871559633027529e-08
1.4801135951192480e+01	4.5662100456621010e-08
1.4801135951192480e+01	4.5454545454545457e-08
1.4801135951192480e+01	4.5248868778280548e-08
1.4801135951192480e+01	4.5045045045045048e-08
1.4801135951192480e+01	4.4843049327354265e-08
1.4801135951192480e+01	4.4642857142857145e-08
1.4801135951192480e+01	4.4444444444444448e-08
1.4801135951192480e+01	4.4247787610619476e-08
1.4801135951192480e+01	4.4052863436123352e-08
1.4801135951192480e+01	4.3859649122807020e-08
1.4801135951192480e+01	4.3668122270742359e-08
1.4801135951192480e+01	4.3478260869565219e-08
1.4801135951192480e+01	4.3290043290043295e-08
1.4801135951192480e+01	4.3103448275862070e-08
1.4801135951192480e+01	4.2918454935622323e-08
1.4801135951192480e+01	4.2735042735042736e-08
1.4801135951192480e+01	4.2553191489361707e-08
1.4801135951192480e+01	4.2372881355932208e-08
1.4801135951192480e+01	4.2194092827004221e-08
1.4801135951192480e+01	4.2016806722689082e-08
1.4801135951192480e+01	4.1841004184100419e-08
1.4801135951192480e+01	4.1666666666666669e-08
1.4801135951192480e+01	4.1493775933609963e-08
1.4801135951192480e+01	4.1322314049586783e-08
1.4801135951192480e+01	4.1152263374485599e-08
1.4801135951192480e+01	4.0983606557377053e-08
1.4801135951192480e+01	4.0816326530612247e-08
1.4801135951192480e+01	4.0650406504065046e-08
1.4801135951192480e+01	4.0485829959514176e-08
1.4801135951192480e+01	4.0322580645161294e-08
1.4801135951192480e+01	4.0160642570281128e-08
1.4801135951192480e+01	4.0000000000000001e-08
1.4801135951192480e+01	3.9840637450199209e-08
1.4801135951192480e+01	3.9682539682539686e-08
1.4801135951192480e+01	3.9525691699604749e-08
1.4801135951192480e+01	3.9370078740157486e-08
1.4801135951192480e+01	3.9215686274509810e-08
1.4801135951192480e+01	3.9062500000000003e-08
1.4801135951192480e+01	3.8910505836575877e-08
1.4801135951192480e+01	3.8759689922480621e-08
1.4801135951192480e+01	3.8610038610038613e-08
1.4801135951192480e+01	3.8461538461538468e-08
1.4801135951192480e+01	3.8314176245210729e-08
1.4801135951192480e+01	3.8167938931297712e-08
1.4801135951192480e+01	3.8022813688212932e-08
1.4801135951192480e+01	3.7878787878787881e-08
1.4801135951192480e+01	3.7735849056603774e-08
1.4801135951192480e+01	3.7593984962406015e-08
1.4801135951192480e+01	3.7453183520599254e-08
1.4801135951192480e+01	3.7313432835820901e-08
1.4801135951192480e+01	3.7174721189591081e-08
1.4801135951192480e+01	3.7037037037037043e-08
1.4801135951192480e+01	3.6900369003690041e-08
1.4801135951192480e+01	3.6764705882352945e-08
1.4801135951192480e+01	3.6630036630036635e-08
1.4801135951192480e+01	3.6496350364963505e-08
1.4801135951192480e+01	3.6363636363636370e-08
1.4801135951192480e+01	3.6231884057971020e-08
1.4801135951192480e+01	3.6101083032490976e-08
1.4801135951192480e+01	3.5971223021582737e-08
1.4801135951192480e+01	3.5842293906810036e-08
1.4801135951192480e+01	3.5714285714285718e-08
1.4801135951192480e+01	3.5587188612099644e-08
1.4801135951192480e+01	3.5460992907801420e-08
1.4801135951192480e+01	3.5335689045936400e-08
1.4801135951192480e+01	3.5211267605633804e-08
1.4801135951192480e+01	3.5087719298245617e-08
1.4801135951192480e+01	3.4965034965034967e-08
1.4801135951192480e+01	3.4843205574912892e-08
1.4801135951192480e+01	3.4722222222222227e-08
1.4801135951192480e+01	3.4602076124567476e-08
1.4801135951192480e+01	3.4482758620689657e-08
1.4801135951192480e+01	3.4364261168384885e-08
1.4801135951192480e+01	3.4246575342465759e-08
1.4801135951192480e+01	3.4129692832764508e-08
1.4801135951192480e+01	3.4013605442176873e-08
1.4801135951192480e+01	3.3898305084745764e-08
1.4801135951192480e+01	3.3783783783783786e-08
1.4801135951192480e+01	3.3670033670033671e-08
1.4801135951192480e+01	3.3557046979865774e-08
1.4801135951192480e+01	3.3444816053511710e-08
1.4801135951192480e+01	3.3333333333333334e-08
1.4801135951192480e+01	3.3222591362126250e-08
1.4801135951192480e+01	3.3112582781456959e-08
1.4801135951192480e+01	3.3003300330033005e-08
1.4801135951192480e+01	3.2894736842105267e-08
1.4801135951192480e+01	3.2786885245901639e-08
1.4801135951192480e+01	3.2679738562091508e-08
1.4801135951192480e+01	3.2573289902280135e-08
1.4801135951192480e+01	3.2467532467532468e-08
1.4801135951192480e+01	3.2362459546925567e-08
1.4801135951192480e+01	3.2258064516129035e-08
1.4801135951192480e+01	3.2154340836012864e-08
1.4801135951192480e+01	3.2051282051282052e-08
1.4801135951192480e+01	3.1948881789137381e-08
1.4801135951192480e+01	3.1847133757961788e-08
1.4801135951192480e+01	3.1746031746031751e-08
1.4801135951192480e+01	3.1645569620253166e-08
1.4801135951192480e+01	3.1545741324921141e-08
1.4801135951192480e+01	3.1446540880503146e-08
1.4801135951192480e+01	3.1347962382445141e-08
1.4801135951192480e+01	3.1250000000000005e-08
1.4801135951192480e+01	3.1152647975077883e-08
1.4801135951192480e+01	3.1055900621118015e-08
1.4801135951192480e+01	3.0959752321981424e-08
1.4801135951192480e+01	3.0864197530864199e-08
1.4801135951192480e+01	3.0769230769230770e-08
1.4801135951192480e+01	3.0674846625766870e-08
1.4801135951192480e+01	3.0581039755351686e-08
1.4801135951192480e+01	3.0487804878048784e-08
1.4801135951192480e+01	3.0395136778115507e-08
1.4801135951192480e+01	3.0303030303030305e-08
1.4801135951192480e+01	3.0211480362537764e-08
1.4801135951192480e+01	3.0120481927710849e-08
1.4801135951192480e+01	3.0030030030030032e-08
1.4801135951192480e+01	2.9940119760479041e-08
1.4801135951192480e+01	2.9850746268656721e-08
1.4801135951192480e+01	2.9761904761904764e-08
1.4801135951192480e+01	2.9673590504451041e-08
1.4801135951192480e+01	2.9585798816568050e-08
1.4801135951192480e+01	2.9498525073746314e-08
1.4801135951192480e+01	2.9411764705882354e-08
1.4801135951192480e+01	2.9325513196480940e-08
1.4801135951192480e+01	2.9239766081871347e-08
1.4801135951192480e+01	2.9154518950437320e-08
1.4801135951192480e+01	2.9069767441860468e-08
1.4801135951192480e+01	2.8985507246376815e-08
1.4801135951192480e+01	2.8901734104046246e-08
1.4801135951192480e+01	2.8818443804034583e-08
1.4801135951192480e+01	2.8735632183908047e-08
1.4801135951192480e+01	2.8653295128939832e-08
1.4801135951192480e+01	2.8571428571428575e-08
1.4801135951192480e+01	2.8490028490028493e-08
1.4801135951192480e+01	2.8409090909090911e-08
1.4801135951192480e+01	2.8328611898016999e-08
1.4801135951192480e+01	2.8248587570621471e-08
1.4801135951192480e+01	2.8169014084507045e-08
1.4801135951192480e+01	2.8089887640449439e-08
1.4801135951192480e+01	2.8011204481792718e-08
1.4801135951192480e+01	2.7932960893854751e-08
1.4801135951192480e+01	2.7855153203342620e-08
1.4801135951192480e+01	2.7777777777777781e-08
1.4801135951192480e+01	2.7700831024930751e-08
1.4801135951192480e+01	2.7624309392265195e-08
1.4801135951192480e+01	2.7548209366391185e-08
1.4801135951192480e+01	2.7472527472527476e-08
1.4801135951192480e+01	2.7397260273972606e-08
1.4801135951192480e+01	2.7322404371584703e-08
1.4801135951192480e+01	2.7247956403269758e-08
1.4801135951192480e+01	2.7173913043478262e-08
1.4801135951192480e+01	2.7100271002710030e-08
1.4801135951192480e+01	2.7027027027027028e-08
1.4801135951192480e+01	2.6954177897574127e-08
1.4801135951192480e+01	2.6881720430107530e-08
1.4801135951192480e+01	2.6809651474530834e-08
1.4801135951192480e+01	2.6737967914438506e-08
1.4801135951192480e+01	2.6666666666666667e-08
1.4801135951192480e+01	2.6595744680851065e-08
1.4801135951192480e+01	2.6525198938992043e-08
1.4801135951192480e+01	2.6455026455026456e-08
1.4801135951192480e+01	2.6385224274406335e-08
1.4801135951192480e+01	2.6315789473684211e-08
1.4801135951192480e+01	2.6246719160104990e-08
1.4801135951192480e+01	2.6178010471204191e-08
1.4801135951192480e+01	2.6109660574412535e-08
1.4801135951192480e+01	2.6041666666666670e-08
1.4801135951192480e+01	2.5974025974025976e-08
1.4801135951192480e+01	2.5906735751295338e-08
1.4801135951192480e+01	2.5839793281653750e-08
1.4801135951192480e+01	2.5773195876288662e-08
1.4801135951192480e+01	2.5706940874035991e-08
1.4801135951192480e+01	2.5641025641025643e-08
1.4801135951192480e+01	2.5575447570332482e-08
1.4801135951192480e+01	2.5510204081632655e-08
1.4801135951192480e+01	2.5445292620865142e-08
1.4801135951192480e+01	2.5380710659898479e-08
1.4801135951192480e+01	2.5316455696202534e-08
1.4801135951192480e+01	2.5252525252525253e-08
1.4801135951192480e+01	2.5188916876574311e-08
1.4801135951192480e+01	2.5125628140703518e-08
1.4801135951192480e+01	2.5062656641604012e-08
1.4801135951192480e+01	2.5000000000000002e-08
1.4801135951192480e+01	2.4937655860349130e-08
1.4801135951192480e+01	2.4875621890547265e-08
1.4801135951192480e+01	2.4813895781637718e-08
1.4801135951192480e+01	2.4752475247524754e-08
1.4801135951192480e+01	2.4691358024691359e-08
1.4801135951192480e+01	2.4630541871921184e-08
1.4801135951192480e+01	2.4570024570024572e-08
1.4801135951192480e+01	2.4509803921568630e-08
1.4801135951192480e+01	2.4449877750611251e-08
1.4801135951192480e+01	2.4390243902439027e-08
1.4801135951192480e+01	2.4330900243309006e-08
1.4801135951192480e+01	2.4271844660194175e-08
1.4801135951192480e+01	2.4213075060532691e-08
1.4801135951192480e+01	2.4154589371980678e-08
1.4801135951192480e+01	2.4096385542168677e-08
1.4801135951192480e+01	2.4038461538461539e-08
1.4801135951192480e+01	2.3980815347721823e-08
1.4801135951192480e+01	2.3923444976076558e-08
1.4801135951192480e+01	2.3866348448687353e-08
1.4801135951192480e+01	2.3809523809523810e-08
1.4801135951192480e+01	2.3752969121140145e-08
1.4801135951192480e+01	2.3696682464454977e-08
1.4801135951192480e+01	2.3640661938534281e-08
1.4801135951192480e+01	2.3584905660377361e-08
1.4801135951192480e+01	2.3529411764705885e-08
1.4801135951192480e+01	2.3474178403755869e-08
1.4801135951192480e+01	2.3419203747072602e-08
1.4801135951192480e+01	2.3364485981308414e-08
1.4801135951192480e+01	2.3310023310023312e-08
1.4801135951192480e+01	2.3255813953488376e-08
1.4801135951192480e+01	2.3201856148491882e-08
1.4801135951192480e+01	2.3148148148148151e-08
1.4801135951192480e+01	2.3094688221709010e-08
1.4801135951192480e+01	2.3041474654377881e-08
1.4801135951192480e+01	2.2988505747126439e-08
1.4801135951192480e+01	2.2935779816513765e-08
1.4801135951192480e+01	2.2883295194508012e-08
1.4801135951192480e+01	2.2831050228310505e-08
1.4801135951192480e+01	2.2779043280182235e-08
1.4801135951192480e+01	2.2727272727272729e-08
1.4801135951192480e+01	2.2675736961451249e-08
1.4801135951192480e+01	2.2624434389140274e-08
1.4801135951192480e+01	2.2573363431151244e-08
1.4801135951192480e+01	2.2522522522522524e-08
1.4801135951192480e+01	2.2471910112359551e-08
1.4801135951192480e+01	2.2421524663677132e-08
1.4801135951192480e+01	2.2371364653243849e-08
1.4801135951192480e+01	2.2321428571428572e-08
1.4801135951192480e+01	2.2271714922048998e-08
1.4801135951192480e+01	2.2222222222222224e-08
1.4801135951192480e+01	2.2172949002217297e-08
1.4801135951192480e+01	2.2123893805309738e-08
1.4801135951192480e+01	2.2075055187637970e-08
1.4801135951192480e+01	2.2026431718061676e-08
1.4801135951192480e+01	2.1978021978021980e-08
1.4801135951192480e+01	2.1929824561403510e-08
1.4801135951192480e+01	2.1881838074398251e-08
1.4801135951192480e+01	2.1834061135371179e-08
1.4801135951192480e+01	2.1786492374727669e-08
1.4801135951192480e+01	2.1739130434782609e-08
1.4801135951192480e+01	2.1691973969631237e-08
1.4801135951192480e+01	2.1645021645021647e-08
1.4801135951192480e+01	2.1598272138228944e-08
1.4801135951192480e+01	2.1551724137931035e-08
1.4801135951192480e+01	2.1505376344086022e-08
1.4801135951192480e+01	2.1459227467811162e-08
1.4801135951192480e+01	2.1413276231263384e-08
1.4801135951192480e+01	2.1367521367521368e-08
1.4801135951192480e+01	2.1321961620469085e-08
1.4801135951192480e+01	2.1276595744680853e-08
1.4801135951192480e+01	2.1231422505307857e-08
1.4801135951192480e+01	2.1186440677966104e-08
1.4801135951192480e+01	2.1141649048625795e-08
1.4801135951192480e+01	2.1097046413502111e-08
1.4801135951192480e+01	2.1052631578947372e-08
1.4801135951192480e+01	2.1008403361344541e-08
1.4801135951192480e+01	2.0964360587002098e-08
1.4801135951192480e+01	2.0920502092050210e-08
1.4801135951192480e+01	2.0876826722338206e-08
1.4801135951192480e+01	2.0833333333333335e-08
1.4801135951192480e+01	2.0790020790020790e-08
1.4801135951192480e+01	2.0746887966804982e-08
1.4801135951192480e+01	2.0703933747412009e-08
1.4801135951192480e+01	2.0661157024793391e-08
1.4801135951192480e+01	2.0618556701030929e-08
1.4801135951192480e+01	2.0576131687242799e-08
1.4801135951192480e+01	2.0533880903490762e-08
1.4801135951192480e+01	2.0491803278688526e-08
1.4801135951192480e+01	2.0449897750511248e-08
1.4801135951192480e+01	2.0408163265306123e-08
1.4801135951192480e+01	2.0366598778004074e-08
1.4801135951192480e+01	2.0325203252032523e-08
1.4801135951192480e+01	2.0283975659229209e-08
1.4801135951192480e+01	2.0242914979757088e-08
1.4801135951192480e+01	2.0202020202020204e-08
1.4801135951192480e+01	2.0161290322580647e-08
1.4801135951192480e+01	2.0120724346076460e-08
1.4801135951192480e+01	2.0080321285140564e-08
1.4801135951192480e+01	2.0040080160320644e-08
1.4801135951192480e+01	2.0000000000000000e-08
1.4801135951192480e+01	1.9960079840319364e-08
1.4801135951192480e+01	1.9920318725099604e-08
1.4801135951192480e+01	1.9880715705765411e-08
1.4801135951192480e+01	1.9841269841269843e-08
1.4801135951192480e+01	1.9801980198019804e-08
1.4801135951192480e+01	1.9762845849802374e-08
1.4801135951192480e+01	1.9723865877712032e-08
1.4801135951192480e+01	1.9685039370078743e-08
1.4801135951192480e+01	1.9646365422396858e-08
1.4801135951192480e+01	1.9607843137254905e-08
1.4801135951192480e+01	1.9569471624266147e-08
1.4801135951192480e+01	1.9531250000000002e-08
1.4801135951192480e+01	1.9493177387914231e-08
1.4801135951192480e+01	1.9455252918287938e-08
1.4801135951192480e+01	1.9417475728155341e-08
1.4801135951192480e+01	1.9379844961240311e-08
1.4801135951192480e+01	1.9342359767891685e-08
1.4801135951192480e+01	1.9305019305019306e-08
1.4801135951192480e+01	1.9267822736030832e-08
1.4801135951192480e+01	1.9230769230769234e-08
1.4801135951192480e+01	1.9193857965451059e-08
1.4801135951192480e+01	1.9157088122605365e-08
1.4801135951192480e+01	1.9120458891013385e-08
1.4801135951192480e+01	1.9083969465648856e-08
1.4801135951192480e+01	1.9047619047619048e-08
1.4801135951192480e+01	1.9011406844106466e-08
1.4801135951192480e+01	1.8975332068311198e-08
1.4801135951192480e+01	1.8939393939393941e-08
1.4801135951192480e+01	1.8903591682419661e-08
1.4801135951192480e+01	1.8867924528301887e-08
1.4801135951192480e+01	1.8832391713747646e-08
1.4801135951192480e+01	1.8796992481203008e-08
1.4801135951192480e+01	1.8761726078799252e-08
1.4801135951192480e+01	1.8726591760299627e-08
1.4801135951192480e+01	1.8691588785046729e-08
1.4801135951192480e+01	1.8656716417910451e-08
1.4801135951192480e+01	1.8621973929236500e-08
1.4801135951192480e+01	1.8587360594795540e-08
1.4801135951192480e+01	1.8552875695732839e-08
1.4801135951192480e+01	1.8518518518518521e-08
1.4801135951192480e+01	1.8484288354898339e-08
1.4801135951192480e+01	1.8450184501845020e-08
1.4801135951192480e+01	1.8416206261510130e-08
1.4801135951192480e+01	1.8382352941176472e-08
1.4801135951192480e+01	1.8348623853211010e-08
1.4801135951192480e+01	1.8315018315018317e-08
1.4801135951192480e+01	1.8281535648994519e-08
1.4801135951192480e+01	1.8248175182481753e-08
1.4801135951192480e+01	1.8214936247723134e-08
1.4801135951192480e+01	1.8181818181818185e-08
1.4801135951192480e+01	1.8148820326678768e-08
1.4801135951192480e+01	1.8115942028985510e-08
1.4801135951192480e+01	1.8083182640144666e-08
1.4801135951192480e+01	1.8050541516245488e-08
1.4801135951192480e+01	1.8018018018018021e-08
1.4801135951192480e+01	1.7985611510791368e-08
1.4801135951192480e+01	1.7953321364452425e-08
1.4801135951192480e+01	1.7921146953405018e-08
1.4801135951192480e+01	1.7889087656529517e-08
1.4801135951192480e+01	1.7857142857142859e-08
1.4801135951192480e+01	1.7825311942959004e-08
1.4801135951192480e+01	1.7793594306049822e-08
1.4801135951192480e+01	1.7761989342806397e-08
1.4801135951192480e+01	1.7730496453900710e-08
1.4801135951192480e+01	1.7699115044247789e-08
1.4801135951192480e+01	1.7667844522968200e-08
1.4801135951192480e+01	1.7636684303350973e-08
1.4801135951192480e+01	1.7605633802816902e-08
1.4801135951192480e+01	1.7574692442882252e-08
1.4801135951192480e+01	1.7543859649122809e-08
1.4801135951192480e+01	1.7513134851138356e-08
1.4801135951192480e+01	1.7482517482517483e-08
1.4801135951192480e+01	1.7452006980802794e-08
1.4801135951192480e+01	1.7421602787456446e-08
1.4801135951192480e+01	1.7391304347826087e-08
1.4801135951192480e+01	1.7361111111111113e-08
1.4801135951192480e+01	1.7331022530329292e-08
1.4801135951192480e+01	1.7301038062283738e-08
1.4801135951192480e+01	1.7271157167530226e-08
1.4801135951192480e+01	1.7241379310344829e-08
1.4801135951192480e+01	1.7211703958691911e-08
1.4801135951192480e+01	1.7182130584192443e-08
1.4801135951192480e+01	1.7152658662092626e-08
1.4801135951192480e+01	1.7123287671232880e-08
1.4801135951192480e+01	1.7094017094017096e-08
1.4801135951192480e+01	1.7064846416382254e-08
1.4801135951192480e+01	1.7035775127768315e-08
1.4801135951192480e+01	1.7006802721088437e-08
1.4801135951192480e+01	1.6977928692699493e-08
1.4801135951192480e+01	1.6949152542372882e-08
1.4801135951192480e+01	1.6920473773265652e-08
1.4801135951192480e+01	1.6891891891891893e-08
1.4801135951192480e+01	1.6863406408094436e-08
1.4801135951192480e+01	1.6835016835016835e-08
1.4801135951192480e+01	1.6806722689075633e-08
1.4801135951192480e+01	1.6778523489932887e-08
1.4801135951192480e+01	1.6750418760469014e-08
1.4801135951192480e+01	1.6722408026755855e-08
1.4801135951192480e+01	1.6694490818030051e-08
1.4801135951192480e+01	1.6666666666666667e-08
1.4801135951192480e+01	1.6638935108153081e-08
1.4801135951192480e+01	1.6611295681063125e-08
1.4801135951192480e+01	1.6583747927031510e-08
1.4801135951192480e+01	1.6556291390728480e-08
1.4801135951192480e+01	1.6528925619834711e-08
1.4801135951192480e+01	1.6501650165016502e-08
1.4801135951192480e+01	1.6474464579901154e-08
1.4801135951192480e+01	1.6447368421052633e-08
1.4801135951192480e+01	1.6420361247947455e-08
1.4801135951192480e+01	1.6393442622950820e-08
1.4801135951192480e+01	1.6366612111292965e-08
1.4801135951192480e+01	1.6339869281045754e-08
1.4801135951192480e+01	1.6313213703099511e-08
1.4801135951192480e+01	1.6286644951140067e-08
1.4801135951192480e+01	1.6260162601626019e-08
1.4801135951192480e+01	1.6233766233766234e-08
1.4801135951192480e+01	1.6207455429497569e-08
1.4801135951192480e+01	1.6181229773462784e-08
1.4801135951192480e+01	1.6155088852988694e-08
1.4801135951192480e+01	1.6129032258064518e-08
1.4801135951192480e+01	1.6103059581320453e-08
1.4801135951192480e+01	1.6077170418006432e-08
1.4801135951192480e+01	1.6051364365971109e-08
1.4801135951192480e+01	1.6025641025641026e-08
1.4801135951192480e+01	1.6000000000000001e-08
1.4801135951192480e+01	1.5974440894568690e-08
1.4801135951192480e+01	1.5948963317384371e-08
1.4801135951192480e+01	1.5923566878980894e-08
1.4801135951192480e+01	1.5898251192368840e-08
1.4801135951192480e+01	1.5873015873015876e-08
1.4801135951192480e+01	1.5847860538827260e-08
1.4801135951192480e+01	1.5822784810126583e-08
1.4801135951192480e+01	1.5797788309636651e-08
1.4801135951192480e+01	1.5772870662460570e-08
1.4801135951192480e+01	1.5748031496062992e-08
1.4801135951192480e+01	1.5723270440251573e-08
1.4801135951192480e+01	1.5698587127158556e-08
1.4801135951192480e+01	1.5673981191222571e-08
1.4801135951192480e+01	1.5649452269170582e-08
1.4801135951192480e+01	1.5625000000000003e-08
1.4801135951192480e+01	1.5600624024961000e-08
1.4801135951192480e+01	1.5576323987538942e-08
1.4801135951192480e+01	1.5552099533437016e-08
1.4801135951192480e+01	1.5527950310559008e-08
1.4801135951192480e+01	1.5503875968992249e-08
1.4801135951192480e+01	1.5479876160990712e-08
1.4801135951192480e+01	1.5455950540958270e-08
1.4801135951192480e+01	1.5432098765432100e-08
1.4801135951192480e+01	1.5408320493066257e-08
1.4801135951192480e+01	1.5384615384615385e-08
1.4801135951192480e+01	1.5360983102918588e-08
1.4801135951192480e+01	1.5337423312883435e-08
1.4801135951192480e+01	1.5313935681470140e-08
1.4801135951192480e+01	1.5290519877675843e-08
1.4801135951192480e+01	1.5267175572519085e-08
1.4801135951192480e+01	1.5243902439024392e-08
1.4801135951192480e+01	1.5220700152207001e-08
1.4801135951192480e+01	1.5197568389057753e-08
1.4801135951192480e+01	1.5174506828528073e-08
1.4801135951192480e+01	1.5151515151515152e-08
1.4801135951192480e+01	1.5128593040847203e-08
1.4801135951192480e+01	1.5105740181268882e-08
1.4801135951192480e+01	1.5082956259426848e-08
1.4801135951192480e+01	1.5060240963855425e-08
1.4801135951192480e+01	1.5037593984962407e-08
1.4801135951192480e+01	1.5015015015015016e-08
1.4801135951192480e+01	1.4992503748125937e-08
1.4801135951192480e+01	1.4970059880239521e-08
1.4801135951192480e+01	1.4947683109118087e-08
1.4801135951192480e+01	1.4925373134328360e-08
1.4801135951192480e+01	1.4903129657228020e-08
1.4801135951192480e+01	1.4880952380952382e-08
1.4801135951192480e+01	1.4858841010401191e-08
1.4801135951192480e+01	1.4836795252225520e-08
1.4801135951192480e+01	1.4814814814814816e-08
1.4801135951192480e+01	1.4792899408284025e-08
1.4801135951192480e+01	1.4771048744460858e-08
1.4801135951192480e+01	1.4749262536873157e-08
1.4801135951192480e+01	1.4727540500736378e-08
1.4801135951192480e+01	1.4705882352941177e-08
1.4801135951192480e+01	1.4684287812041118e-08
1.4801135951192480e+01	1.4662756598240470e-08
1.4801135951192480e+01	1.4641288433382139e-08
1.4801135951192480e+01	1.4619883040935673e-08
1.4801135951192480e+01	1.4598540145985403e-08
1.4801135951192480e+01	1.4577259475218660e-08
1.4801135951192480e+01	1.4556040756914120e-08
1.4801135951192480e+01	1.4534883720930234e-08
1.4801135951192480e+01	1.4513788098693760e-08
1.4801135951192480e+01	1.4492753623188407e-08
1.4801135951192480e+01	1.4471780028943561e-08
1.4801135951192480e+01	1.4450867052023123e-08
1.4801135951192480e+01	1.4430014430014431e-08
1.4801135951192480e+01	1.4409221902017291e-08
1.4801135951192480e+01	1.4388489208633095e-08
1.4801135951192480e+01	1.4367816091954023e-08
1.4801135951192480e+01	1.4347202295552368e-08
1.4801135951192480e+01	1.4326647564469916e-08
1.4801135951192480e+01	1.4306151645207440e-08
1.4801135951192480e+01	1.4285714285714288e-08
1.4801135951192480e+01	1.4265335235378032e-08
1.4801135951192480e+01	1.4245014245014247e-08
1.4801135951192480e+01	1.4224751066856330e-08
1.4801135951192480e+01	1.4204545454545455e-08
1.4801135951192480e+01	1.4184397163120568e-08
1.4801135951192480e+01	1.4164305949008499e-08
1.4801135951192480e+01	1.4144271570014145e-08
1.4801135951192480e+01	1.4124293785310735e-08
1.4801135951192480e+01	1.4104372355430185e-08
1.4801135951192480e+01	1.4084507042253522e-08
1.4801135951192480e+01	1.4064697609001408e-08
1.4801135951192480e+01	1.4044943820224719e-08
1.4801135951192480e+01	1.4025245441795233e-08
1.4801135951192480e+01	1.4005602240896359e-08
1.4801135951192480e+01	1.3986013986013987e-08
1.4801135951192480e+01	1.3966480446927376e-08
1.4801135951192480e+01	1.3947001394700141e-08
1.4801135951192480e+01	1.3927576601671310e-08
1.4801135951192480e+01	1.3908205841446454e-08
1.4801135951192480e+01	1.3888888888888890e-08
1.4801135951192480e+01	1.3869625520110959e-08
1.4801135951192480e+01	1.3850415512465375e-08
1.4801135951192480e+01	1.3831258644536654e-08
1.4801135951192480e+01	1.3812154696132598e-08
1.4801135951192480e+01	1.3793103448275863e-08
1.4801135951192480e+01	1.3774104683195593e-08
1.4801135951192480e+01	1.3755158184319121e-08
1.4801135951192480e+01	1.3736263736263738e-08
1.4801135951192480e+01	1.3717421124828534e-08
1.4801135951192480e+01	1.3698630136986303e-08
1.4801135951192480e+01	1.3679890560875514e-08
1.4801135951192480e+01	1.3661202185792351e-08
1.4801135951192480e+01	1.3642564802182811e-08
1.4801135951192480e+01	1.3623978201634879e-08
1.4801135951192480e+01	1.3605442176870750e-08
1.4801135951192480e+01	1.3586956521739131e-08
1.4801135951192480e+01	1.3568521031207599e-08
1.4801135951192480e+01	1.3550135501355015e-08
1.4801135951192480e+01	1.3531799729364006e-08
1.4801135951192480e+01	1.3513513513513514e-08
1.4801135951192480e+01	1.3495276653171391e-08
1.4801135951192480e+01	1.3477088948787064e-08
1.4801135951192480e+01	1.3458950201884254e-08
1.4801135951192480e+01	1.3440860215053765e-08
1.4801135951192480e+01	1.3422818791946310e-08
1.4801135951192480e+01	1.3404825737265417e-08
1.4801135951192480e+01	1.3386880856760375e-08
1.4801135951192480e+01	1.3368983957219253e-08
1.4801135951192480e+01	1.3351134846461951e-08
1.4801135951192480e+01	1.3333333333333334e-08
1.4801135951192480e+01	1.3315579227696406e-08
1.4801135951192480e+01	1.3297872340425533e-08
1.4801135951192480e+01	1.3280212483399736e-08
1.4801135951192480e+01	1.3262599469496022e-08
1.4801135951192480e+01	1.3245033112582783e-08
1.4801135951192480e+01	1.3227513227513228e-08
1.4801135951192480e+01	1.3210039630118892e-08
1.4801135951192480e+01	1.3192612137203168e-08
1.4801135951192480e+01	1.3175230566534916e-08
1.4801135951192480e+01	1.3157894736842106e-08
1.4801135951192480e+01	1.3140604467805520e-08
1.4801135951192480e+01	1.3123359580052495e-08
1.4801135951192480e+01	1.3106159895150721e-08
1.4801135951192480e+01	1.3089005235602096e-08
1.4801135951192480e+01	1.3071895424836602e-08
1.4801135951192480e+01	1.3054830287206268e-08
1.4801135951192480e+01	1.3037809647979140e-08
1.4801135951192480e+01	1.3020833333333335e-08
1.4801135951192480e+01	1.3003901170351106e-08
1.4801135951192480e+01	1.2987012987012988e-08
1.4801135951192480e+01	1.2970168612191959e-08
1.4801135951192480e+01	1.2953367875647669e-08
1.4801135951192480e+01	1.2936610608020699e-08
1.4801135951192480e+01	1.2919896640826875e-08
1.4801135951192480e+01	1.2903225806451614e-08
1.4801135951192480e+01	1.2886597938144331e-08
1.4801135951192480e+01	1.2870012870012871e-08
1.4801135951192480e+01	1.2853470437017995e-08
1.4801135951192480e+01	1.2836970474967908e-08
1.4801135951192480e+01	1.2820512820512822e-08
1.4801135951192480e+01	1.2804097311139566e-08
1.4801135951192480e+01	1.2787723785166241e-08
1.4801135951192480e+01	1.2771392081736911e-08
1.4801135951192480e+01	1.2755102040816328e-08
1.4801135951192480e+01	1.2738853503184715e-08
1.4801135951192480e+01	1.2722646310432571e-08
1.4801135951192480e+01	1.2706480304955529e-08
1.4801135951192480e+01	1.2690355329949239e-08
1.4801135951192480e+01	1.2674271229404311e-08
1.4801135951192480e+01	1.2658227848101267e-08
1.4801135951192480e+01	1.2642225031605564e-08
1.4801135951192480e+01	1.2626262626262626e-08
1.4801135951192480e+01	1.2610340479192939e-08
1.4801135951192480e+01	1.2594458438287155e-08
1.4801135951192480e+01	1.2578616352201259e-08
1.4801135951192480e+01	1.2562814070351759e-08
1.4801135951192480e+01	1.2547051442910917e-08
1.4801135951192480e+01	1.2531328320802006e-08
1.4801135951192480e+01	1.2515644555694620e-08
1.4801135951192480e+01	1.2500000000000001e-08
1.4801135951192480e+01	1.2484394506866418e-08
1.4801135951192480e+01	1.2468827930174565e-08
1.4801135951192480e+01	1.2453300124533003e-08
1.4801135951192480e+01	1.2437810945273633e-08
1.4801135951192480e+01	1.2422360248447207e-08
1.4801135951192480e+01	1.2406947890818859e-08
1.4801135951192480e+01	1.2391573729863694e-08
1.4801135951192480e+01	1.2376237623762377e-08
1.4801135951192480e+01	1.2360939431396788e-08
1.4801135951192480e+01	1.2345679012345679e-08
1.4801135951192480e+01	1.2330456226880395e-08
1.4801135951192480e+01	1.2315270935960592e-08
1.4801135951192480e+01	1.2300123001230013e-08
1.4801135951192480e+01	1.2285012285012286e-08
1.4801135951192480e+01	1.2269938650306749e-08
1.4801135951192480e+01	1.2254901960784315e-08
1.4801135951192480e+01	1.2239902080783355e-08
1.4801135951192480e+01	1.2224938875305625e-08
1.4801135951192480e+01	1.2210012210012211e-08
1.4801135951192480e+01	1.2195121951219513e-08
1.4801135951192480e+01	1.2180267965895251e-08
1.4801135951192480e+01	1.2165450121654503e-08
1.4801135951192480e+01	1.2150668286755772e-08
1.4801135951192480e+01	1.2135922330097088e-08
1.4801135951192480e+01	1.2121212121212122e-08
1.4801135951192480e+01	1.2106537530266345e-08
1.4801135951192480e+01	1.2091898428053206e-08
1.4801135945657009e+01	1.2077294685990339e-08
1.4801135945657009e+01	1.2062726176115804e-08
1.4801135945657009e+01	1.2048192771084338e-08
1.4801135945657009e+01	1.2033694344163660e-08
1.4801135945657009e+01	1.2019230769230770e-08
1.4801135945657009e+01	1.2004801920768309e-08
1.4801135945657009e+01	1.1990407673860912e-08
1.4801135945657009e+01	1.1976047904191618e-08
1.4801135945657009e+01	1.1961722488038279e-08
1.4801135945657009e+01	1.1947431302270013e-08
1.4801135945657009e+01	1.1933174224343677e-08
1.4801135945657009e+01	1.1918951132300359e-08
1.4801135945657009e+01	1.1904761904761905e-08
1.4801135945657009e+01	1.1890606420927468e-08
1.4801135945657009e+01	1.1876484560570073e-08
1.4801135945657009e+01	1.1862396204033216e-08
1.4801135945657009e+01	1.1848341232227489e-08
1.4801135945657009e+01	1.1834319526627220e-08
1.4801135945657009e+01	1.1820330969267141e-08
1.4801135945657009e+01	1.1806375442739079e-08
1.4801135945657009e+01	1.1792452830188680e-08
1.4801135945657009e+01	1.1778563015312133e-08
1.4801135945657009e+01	1.1764705882352942e-08
1.4801135945657009e+01	1.1750881316098709e-08
1.4801135945657009e+01	1.1737089201877935e-08
1.4801135945657009e+01	1.1723329425556859e-08
1.4801135945657009e+01	1.1709601873536301e-08
1.4801135945657009e+01	1.1695906432748540e-08
1.4801135945657009e+01	1.1682242990654207e-08
1.4801135945657009e+01	1.1668611435239208e-08
1.4801135945657009e+01	1.1655011655011656e-08
1.4801135945657009e+01	1.1641443538998837e-08
1.4801135945657009e+01	1.1627906976744188e-08
1.4801135945657009e+01	1.1614401858304298e-08
1.4801135945657009e+01	1.1600928074245941e-08
1.4801135945657009e+01	1.1587485515643106e-08
1.4801135945657009e+01	1.1574074074074076e-08
1.4801135945657009e+01	1.1560693641618497e-08
1.4801135945657009e+01	1.1547344110854505e-08
1.4801135945657009e+01	1.1534025374855826e-08
1.4801135945657009e+01	1.1520737327188940e-08
1.4801135945657009e+01	1.1507479861910243e-08
1.4801135945657009e+01	1.1494252873563220e-08
1.4801135945657009e+01	1.1481056257175660e-08
1.4801135945657009e+01	1.1467889908256882e-08
1.4801135945657009e+01	1.1454753722794960e-08
1.4801135945657009e+01	1.1441647597254006e-08
1.4801135945657009e+01	1.1428571428571429e-08
1.4801135945657009e+01	1.1415525114155253e-08
1.4801135945657009e+01	1.1402508551881415e-08
1.4801135945657009e+01	1.1389521640091118e-08
1.4801135945657009e+01	1.1376564277588170e-08
1.4801135945657009e+01	1.1363636363636364e-08
1.4801135945657009e+01	1.1350737797956868e-08
1.4801135945657009e+01	1.1337868480725624e-08
1.4801135945657009e+01	1.1325028312570782e-08
1.4801135945657009e+01	1.1312217194570137e-08
1.4801135945657009e+01	1.1299435028248589e-08
1.4801135945657009e+01	1.1286681715575622e-08
1.4801135945657009e+01	1.1273957158962797e-08
1.4801135945657009e+01	1.1261261261261262e-08
1.4801135945657009e+01	1.1248593925759281e-08
1.4801135945657009e+01	1.1235955056179776e-08
1.4801135945657009e+01	1.1223344556677891e-08
1.4801135945657009e+01	1.1210762331838566e-08
1.4801135945657009e+01	1.1198208286674133e-08
1.4801135945657009e+01	1.1185682326621924e-08
1.4801135945657009e+01	1.1173184357541901e-08
1.4801135945657009e+01	1.1160714285714286e-08
1.4801135945657009e+01	1.1148272017837236e-08
1.4801135945657009e+01	1.1135857461024499e-08
1.4801135945657009e+01	1.1123470522803115e-08
1.4801135945657009e+01	1.1111111111111112e-08
1.4801135945657009e+01	1.1098779134295229e-08
1.4801135945657009e+01	1.1086474501108649e-08
1.4801135945657009e+01	1.1074197120708750e-08
1.4801135945657009e+01	1.1061946902654869e-08
1.4801135945657009e+01	1.1049723756906078e-08
1.4801135945657009e+01	1.1037527593818985e-08
1.4801135945657009e+01	1.1025358324145536e-08
1.4801135945657009e+01	1.1013215859030838e-08
1.4801135945657009e+01	1.1001100110011002e-08
1.4801135945657009e+01	1.0989010989010990e-08
1.4801135945657009e+01	1.0976948408342482e-08
1.4801135945657009e+01	1.0964912280701755e-08
1.4801135945657009e+01	1.0952902519167581e-08
1.4801135945657009e+01	1.0940919037199125e-08
1.4801135945657009e+01	1.0928961748633881e-08
1.4801135945657009e+01	1.0917030567685590e-08
1.4801135945657009e+01	1.0905125408942204e-08
1.4801135945657009e+01	1.0893246187363835e-08
1.4801135945657009e+01	1.0881392818280741e-08
1.4801135945657009e+01	1.0869565217391305e-08
1.4801135945657009e+01	1.0857763300760044e-08
1.4801135945657009e+01	1.0845986984815618e-08
1.4801135945657009e+01	1.0834236186348863e-08
1.4801135945657009e+01	1.0822510822510824e-08
1.4801135945657009e+01	1.0810810810810811e-08
1.4801135945657009e+01	1.0799136069114472e-08
1.4801135945657009e+01	1.0787486515641857e-08
1.4801135945657009e+01	1.0775862068965518e-08
1.4801135945657009e+01	1.0764262648008612e-08
1.4801135945657009e+01	1.0752688172043011e-08
1.4801135945657009e+01	1.0741138560687434e-08
1.4801135945657009e+01	1.0729613733905581e-08
1.4801135945657009e+01	1.0718113612004288e-08
1.4801135945657009e+01	1.0706638115631692e-08
1.4801135945657009e+01	1.0695187165775401e-08
1.4801135945657009e+01	1.0683760683760684e-08
1.4801135945657009e+01	1.0672358591248667e-08
1.4801135945657009e+01	1.0660980810234543e-08
1.4801135945657009e+01	1.0649627263045794e-08
1.4801135945657009e+01	1.0638297872340427e-08
1.4801135945657009e+01	1.0626992561105207e-08
1.4801135945657009e+01	1.0615711252653928e-08
1.4801135945657009e+01	1.0604453870625664e-08
1.4801135945657009e+01	1.0593220338983052e-08
1.4801135945657009e+01	1.0582010582010584e-08
1.4801135945657009e+01	1.0570824524312897e-08
1.4801135945657009e+01	1.0559662090813095e-08
1.4801135945657009e+01	1.0548523206751055e-08
1.4801135945657009e+01	1.0537407797681771e-08
1.4801135945657009e+01	1.0526315789473686e-08
1.4801135945657009e+01	1.0515247108307047e-08
1.4801135945657009e+01	1.0504201680672271e-08
1.4801135945657009e+01	1.0493179433368311e-08
1.4801135945657009e+01	1.0482180293501049e-08
1.4801135945657009e+01	1.0471204188481676e-08
1.4801135945657009e+01	1.0460251046025105e-08
1.4801135945657009e+01	1.0449320794148382e-08
1.4801135945657009e+01	1.0438413361169103e-08
1.4801135945657009e+01	1.0427528675703859e-08
1.4801135945657009e+01	1.0416666666666667e-08
1.4801135945657009e+01	1.0405827263267430e-08
1.4801135945657009e+01	1.0395010395010395e-08
1.4801135945657009e+01	1.0384215991692628e-08
1.4801135945657009e+01	1.0373443983402491e-08
1.4801135945657009e+01	1.0362694300518136e-08
1.4801135945657009e+01	1.0351966873706005e-08
1.4801135945657009e+01	1.0341261633919339e-08
1.4801135945657009e+01	1.0330578512396696e-08
1.4801135945657009e+01	1.0319917440660476e-08
1.4801135945657009e+01	1.0309278350515464e-08
1.4801135945657009e+01	1.0298661174047375e-08
1.4801135945657009e+01	1.0288065843621400e-08
1.4801135945657009e+01	1.0277492291880782e-08
1.4801135945657009e+01	1.0266940451745381e-08
1.4801135945657009e+01	1.0256410256410258e-08
1.4801135945657009e+01	1.0245901639344263e-08
1.4801135945657009e+01	1.0235414534288640e-08
1.4801135945657009e+01	1.0224948875255624e-08
1.4801135945657009e+01	1.0214504596527069e-08
1.4801135945657009e+01	1.0204081632653062e-08
1.4801135945657009e+01	1.0193679918450562e-08
1.4801135945657009e+01	1.0183299389002037e-08
1.4801135945657009e+01	1.0172939979654122e-08
1.4801135945657009e+01	1.0162601626016261e-08
1.4801135945657009e+01	1.0152284263959392e-08
1.4801135945657009e+01	1.0141987829614605e-08
1.4801135945657009e+01	1.0131712259371835e-08
1.4801135945657009e+01	1.0121457489878544e-08
1.4801135945657009e+01	1.0111223458038423e-08
1.4801135945657009e+01	1.0101010101010102e-08
1.4801135945657009e+01	1.0090817356205853e-08
1.4801135945657009e+01	1.0080645161290323e-08
1.4801135945657009e+01	1.0070493454179255e-08
1.4801135945657009e+01	1.0060362173038230e-08
1.4801135945657009e+01	1.0050251256281408e-08
1.4801135945657009e+01	1.0040160642570282e-08
1.4801135945657009e+01	1.0030090270812438e-08
1.4801135945657009e+01	1.0020040080160322e-08
1.4801135945657009e+01	1.0010010010010010e-08
1.4801135945657009e+01	1.0000000000000000e-08
