1.83684
1.59084
1.52126
1.52191
1.0733
1.95602
1.41258
1.46007
1.44808
0.971505
1.4737
1.91006
1.83759
1.3923
1.86618
1.09815
1.62851
1.46296
1.92431
1.46278
2.10245
1.56897
1.68147
1.98815
1.97837
1.56913
1.48053
1.20931
1.67737
1.26517
1.36673
1.39644
1.23546
1.3672
1.33773
1.10303
1.46616
1.7722
1.74458
1.56873
1.19215
1.64326
1.88781
1.28056
1.01838
1.79684
1.53324
1.38572
1.53449
1.60359
0.979512
1.99751
2.18993
1.35866
1.87881
1.14885
1.81974
1.29002
1.54322
1.61956
1.50806
1.81675
1.47804
1.30028
1.48677
1.39102
1.4963
1.51264
2.08779
1.44047
1.59916
1.06925
1.50826
1.83618
1.43279
1.37394
1.79995
1.62931
1.30473
1.05038
1.13081
1.5582
1.20049
1.38971
2.02116
1.67808
1.33729
0.984098
1.32633
1.92808
1.5831
1.7369
1.59662
1.71012
1.61662
1.48762
1.58877
1.37242
2.01829
1.23949
1.25371
1.17008
1.52602
1.63689
1.62931
2.12177
1.33866
1.08647
1.35228
2.19832
2.04132
1.42517
1.25374
1.052
1.65725
1.60353
1.71731
0.887886
1.17607
1.29197
0.798586
1.99868
1.41739
1.27603
1.86753
1.46687
1.11795
1.50954
1.63871
1.60606
1.18141
1.42159
1.14858
0.942874
1.45656
1.35484
1.26606
1.86417
0.863246
1.45867
1.3748
1.37804
1.81829
1.46894
1.54255
1.67455
1.90636
1.63847
1.30449
1.50001
1.76693
1.15312
1.61917
1.67305
1.518
1.65414
1.30285
1.29571
1.60643
1.06975
1.64152
1.48559
1.32581
1.57584
1.49432
1.2928
1.73993
2.16424
1.63166
1.69148
2.10475
1.4269
1.96015
1.72943
0.762996
0.988905
1.62605
1.41056
1.57908
1.71938
1.56842
0.891443
1.78986
1.44392
1.3583
2.081
1.9432
1.47453
1.62831
1.40872
1.56139
1.475
2.04868
1.42675
1.64258
1.28574
1.14392
1.68267
1.65127
1.3458
1.74554
1.84698
1.25889
1.33453
1.40028
2.05335
1.37317
1.6463
1.38725
1.56836
1.71114
1.26066
1.29723
1.22324
1.36542
1.55459
1.43397
1.50749
1.23243
1.67102
2.29897
1.62309
1.6457
1.89346
1.42931
1.05595
1.49355
1.81584
1.46478
2.04855
1.495
2.06103
1.38591
1.62861
1.60857
1.64027
1.04459
0.932087
1.26447
1.01841
1.92955
0.917343
1.84199
1.31485
0.967332
1.16454
1.01808
1.2556
1.59638
1.46282
1.50664
1.40361
1.70779
1.39394
1.74369
1.15746
1.41374
1.89466
1.70573
1.65738
1.26198
1.42864
1.67085
1.04682
1.03048
0.58463
1.9679
0.710697
1.8431
1.44358
1.87403
1.42383
1.23895
1.5059
1.16569
1.68235
1.63717
1.76266
1.60394
1.36354
1.55943
1.61742
0.546642
1.21303
1.49062
1.80982
1.13531
1.4044
1.94854
1.46092
1.13913
1.55987
1.61795
1.21893
0.906195
1.63362
1.4414
1.43919
1.56582
1.19095
1.22108
0.73243
1.99485
1.68352
1.18442
1.27352
1.68696
1.50141
1.23003
1.53877
1.79391
1.59851
1.64612
1.54345
1.47432
1.71316
1.77929
1.76252
1.28653
1.39164
0.867226
1.17187
1.86135
1.53332
2.0883
1.61838
1.25186
1.56747
1.45409
1.42778
1.52447
1.87145
2.15513
1.55717
1.35055
1.51425
1.9345
1.62847
1.44877
0.793567
1.35966
1.46118
1.77002
1.3453
1.65612
1.84231
1.06658
1.1947
1.20292
1.95725
1.69087
1.55989
1.49769
1.85265
1.8767
1.41572
1.38992
1.99612
1.47432
1.58801
1.94618
1.30846
1.71263
1.47524
1.29378
1.07661
1.68642
1.59255
1.40072
1.35444
1.48194
1.03211
1.41258
1.74122
1.72075
1.43921
1.58707
1.24355
1.40216
1.21432
1.85609
1.15285
1.50579
1.93501
1.69564
1.39672
1.88727
1.25936
1.08327
1.57729
1.83824
2.33548
1.47258
1.49128
1.80917
1.80746
1.97496
1.80875
2.05031
1.3527
1.25716
1.42613
1.36447
1.30257
1.61769
1.08106
1.60107
1.688
1.6641
1.40765
1.52202
1.417
1.54186
1.48473
1.72203
1.40299
2.2203
2.34382
1.68574
0.801389
1.8309
1.92155
0.986323
1.60928
1.07573
1.78599
1.37064
1.48918
0.893459
1.75365
1.1365
1.50284
1.75812
1.45266
1.31287
1.58918
1.60105
0.956317
1.27823
1.94731
1.42467
1.04456
1.57493
1.68579
2.05538
1.32196
1.43603
1.52019
1.52494
1.7464
1.44752
1.91272
1.54611
1.8852
1.21798
0.993367
2.15447
1.74012
1.73104
0.838378
1.60784
1.27376
1.1673
1.25912
1.76224
1.54052
2.04442
1.94531
1.63722
1.0556
1.37436
1.22931
1.05891
1.89922
1.71886
0.681773
1.09578
1.46756
1.10652
1.41784
1.55836
2.04592
2.01059
1.83326
1.12403
1.79783
1.24984
1.00695
1.7488
1.58475
1.72393
1.46476
1.06649
2.08517
0.978203
1.83275
1.87983
1.89157
1.3906
1.86198
1.71171
1.47491
1.14345
1.76292
1.66842
1.52361
1.39971
1.32981
1.53217
1.44931
1.67771
1.38537
1.42047
1.11785
1.75148
0.972698
1.53749
1.32564
1.56674
1.59307
1.70054
1.2817
1.05926
1.94683
1.41104
1.65413
0.905836
0.713207
1.65593
1.5028
0.631914
1.16114
1.00474
1.08103
1.48352
1.4371
1.84769
1.94823
1.57604
1.68323
1.14372
1.15896
1.64552
1.67586
1.79386
1.19938
0.885015
1.87741
1.24325
1.5191
1.47102
1.51021
1.59891
1.71142
1.7941
1.37777
1.72712
1.77876
1.07058
1.79742
0.976147
1.58663
1.51352
1.15054
1.32129
1.12023
1.86869
1.20944
0.977536
1.30752
1.46047
1.28271
1.16987
1.39144
1.28358
1.41983
1.6119
1.74778
1.12084
2.18506
1.10968
1.72589
1.17627
1.54492
1.52011
1.07138
1.08322
1.3369
1.95689
1.65813
1.90341
2.05646
1.65541
1.22489
1.51986
1.58721
1.81426
1.32182
1.41138
1.85183
1.70168
1.46102
1.2416
1.45288
1.51657
1.60545
1.10321
1.92062
1.73721
2.05376
1.5854
1.55863
1.76492
1.43587
1.55565
1.36951
1.56702
1.03627
1.72274
1.74664
1.45836
2.0389
1.33184
1.32525
0.773388
1.91443
1.56
1.38866
1.79181
1.4281
0.990559
1.33954
1.56022
1.64947
1.83083
1.81148
1.77254
2.20312
2.17575
1.2004
1.13442
1.94367
1.34683
2.09768
1.46237
1.44148
1.42782
1.33022
1.02689
1.89789
1.77571
1.8503
1.4316
1.42679
1.47205
1.44835
1.29654
1.42507
1.96727
1.72283
1.36687
1.21093
1.76675
1.87118
1.55266
1.84183
1.5102
1.25017
1.88662
1.44844
1.66165
2.09357
1.76671
1.55974
0.9649
2.01386
1.21102
1.91073
1.64163
1.23589
1.51073
1.86533
1.59199
1.21807
1.69765
1.10634
1.30552
1.59569
2.26202
1.29476
1.26613
1.30729
1.88536
1.70374
1.91179
1.22227
1.88348
1.60823
1.6787
1.32158
1.22762
1.1846
1.52776
1.08742
1.09606
1.30577
1.83722
1.86774
1.46531
1.40969
1.11018
1.49633
1.47118
1.24703
1.70652
1.39982
1.39526
2.06367
1.65387
1.02051
1.6865
1.26412
1.55531
1.65174
1.26987
1.65433
1.49465
2.00205
1.4372
1.27182
1.66471
1.98322
1.68995
1.5316
2.08062
2.0367
1.9371
1.71595
1.2429
1.73674
1.09136
1.86829
1.67779
1.97811
1.25801
1.74989
1.51456
1.12159
1.38687
1.76998
1.74334
1.22896
1.50101
1.62865
1.03659
1.03872
1.69762
1.78244
1.59783
1.69066
1.07781
1.41458
1.85634
1.73153
1.46838
2.25079
1.57884
1.39424
1.85217
1.49164
1.263
1.49512
1.65458
1.41557
1.53079
1.48913
0.883245
1.24079
1.45033
1.93774
1.52277
1.94106
1.70791
1.9851
1.20961
1.91772
1.19956
2.09641
0.998343
0.991072
1.63819
1.74688
1.37282
1.41021
1.49233
1.32632
1.76488
1.55855
1.43555
1.70252
1.524
1.72583
1.12284
1.58696
1.4058
1.35845
1.40646
1.37299
1.82674
1.53533
1.44378
1.52463
1.48261
1.02764
1.7057
1.64776
1.35286
1.39101
1.56069
1.65322
1.40189
1.63794
1.39423
1.23762
1.44132
1.46604
1.11426
1.72401
0.967072
1.3747
1.47142
1.74173
0.801616
2.02896
1.13923
1.18604
1.25212
1.30761
0.851473
1.46915
1.351
1.44181
2.02067
1.24637
1.0808
1.43334
1.23086
1.48772
1.72003
1.17873
2.28326
1.91331
1.58018
1.71464
1.42027
1.52391
1.41993
1.207
1.61162
1.96113
1.25344
1.68501
1.48551
0.709202
1.72851
1.60188
1.71149
1.44672
1.30112
1.35561
1.58465
0.906005
1.52118
1.5095
1.40496
1.2472
1.74276
1.31544
1.61852
1.58452
1.52107
1.63458
1.1835
0.620711
1.45264
1.56431
1.94442
1.10749
1.43797
1.53021
1.30466
1.20223
1.27557
1.30875
1.43822
1.30799
1.33309
1.74062
1.89229
1.30267
1.27487
2.00376
1.02893
1.64537
1.40888
1.03535
1.29419
1.45376
0.882223
1.48768
1.37685
1.38246
1.27119
1.28754
1.79236
1.72737
1.19022
1.37584
1.09027
1.85475
0.984878
1.83915
1.67907
1.63902
1.10766
1.28809
1.13854
1.49334
1.92765
1.7088
1.61562
1.55458
1.96348
1.9952
1.76939
1.78275
1.76393
1.30393
1.54447
1.56437
1.54798
1.54807
1.70754
1.33984
1.21434
1.85414
1.85579
1.85885
1.90587
1.84559
1.92926
1.6198
1.36836
1.26382
1.27581
1.86518
1.98758
1.91631
1.39209
0.944055
1.82028
1.71628
1.13453
1.97089
1.48137
1.50054
0.799981
1.63698
1.23308
1.4648
1.27352
1.77713
1.62763
1.27135
1.38537
1.53073
1.81493
0.867465
1.8938
1.0708
2.136
1.33737
1.12162
1.63859
1.12003
1.18682
1.48949
1.69635
1.57217
1.62513
1.29793
1.3666
1.54999
1.5
1.66526
1.5609
1.11606
1.71728
1.68899
1.41325
